1.219364012628658678e+01 1.173817052791767689e-04 5.041182689762443436e-01 7.756591877148505398e-02 1.703804955672849619e-02 5.077923104693788936e-01
1.235762501403968372e+01 1.230130375288387295e-04 4.929094824328673630e-01 8.777030104783489772e-02 1.827807036721127570e-02 5.710100825969558480e-01
9.543609581036612610e+00 1.505933188267302345e-04 5.211959233998688656e-01 7.723234719797916759e-02 1.488129176904321588e-02 6.318042018867953136e-01
1.003996346271660123e+01 1.827941879379027740e-04 5.937111410286867175e-01 1.050431267649128281e-01 1.711324272418550743e-02 4.650770278013022230e-01
1.120879016093618041e+01 1.834441323280683984e-04 4.987204105619250649e-01 7.926581670953014580e-02 1.468291374508678970e-02 5.380338911290916126e-01
9.040976801713922484e+00 1.707765602364198700e-04 5.202434854858017932e-01 8.038790210183087426e-02 1.384468327812408278e-02 4.959278664415856519e-01
8.461561287920227770e+00 1.503653915258289437e-04 5.675811773362819945e-01 1.000539271495532040e-01 1.484096078357075889e-02 6.710560807131082939e-01
8.965430772631671985e+00 2.200667518237784347e-04 6.769340950770810217e-01 8.296762393900572463e-02 1.563636719615200260e-02 5.509950086113061252e-01
1.014606637406561696e+01 1.629225329715523860e-04 5.962902332280565210e-01 8.649562440194531743e-02 1.286531865714425280e-02 5.696021190536879608e-01
9.698142724818582749e+00 1.917205730801075530e-04 5.939967393386648142e-01 1.023963547873510821e-01 1.583310758823063685e-02 6.098076516648774925e-01
8.955575802818305675e+00 1.693090630786448208e-04 6.439651116424965904e-01 8.716662977307736149e-02 1.625482421586397011e-02 5.854779563908253381e-01
1.152293050366825433e+01 1.593038203491851912e-04 6.639862612316649315e-01 7.355741040330199265e-02 1.223856377752260971e-02 7.102885955874760349e-01
1.020035046078585950e+01 1.903869924627418341e-04 6.157126690837169125e-01 6.580492693594061637e-02 1.460328825523660341e-02 5.707560694377371568e-01
1.029571645851476625e+01 1.806376848260741975e-04 6.071508385234019034e-01 8.837260752595733904e-02 1.562731882345448631e-02 5.306139630250004124e-01
1.025243549402256527e+01 1.974206006037692641e-04 5.589256484355594745e-01 9.553801531251619739e-02 1.549278043788543738e-02 4.971598520580847169e-01
1.161452696401592632e+01 1.728761891144351879e-04 5.638867313112958524e-01 8.294613025164219999e-02 1.611969632201125727e-02 5.192005248947108020e-01
9.514429184128873729e+00 1.996373157377026792e-04 5.532697642625685752e-01 9.950861690215480337e-02 1.431042871566127507e-02 5.009401430256877896e-01
1.053175299738772708e+01 1.488240723610244906e-04 5.945183892427801098e-01 9.295864834559690315e-02 1.677859257771670276e-02 4.655029014562029333e-01
9.620110058702568523e+00 1.510212121322714279e-04 5.524460910020019266e-01 9.476482486740400724e-02 1.699805182656588878e-02 4.447435706157034652e-01
1.045968071345651573e+01 1.806108317489903137e-04 4.515787441571926797e-01 7.084058052522618221e-02 1.757007178201578160e-02 5.443163914027293604e-01
9.948990168814097146e+00 1.999092345024034031e-04 4.918628785623130883e-01 1.152323906732661690e-01 1.137849214803727388e-02 6.422498116257386869e-01
1.219813958772394891e+01 1.569837395948389018e-04 5.753508772430857565e-01 1.015568484843704378e-01 1.486364409264233528e-02 4.577159784755904792e-01
8.308083362823348139e+00 1.443768040628713397e-04 5.912903121982161503e-01 8.313445425926739574e-02 1.632144530336228708e-02 6.063620176859760846e-01
1.107403332963486875e+01 1.885776027347709145e-04 5.534925473818109731e-01 8.959936863936390772e-02 1.704527838945860824e-02 5.332822061609771014e-01
1.070323467277512464e+01 1.869945592193347176e-04 5.603275907498039832e-01 9.852173144616173384e-02 1.572277391826611137e-02 5.530107113973798949e-01
9.560353542048540376e+00 1.687355787179625115e-04 3.673871676919646667e-01 1.179566778260110610e-01 1.615683269111318002e-02 6.247195413187670576e-01
9.796764592371525637e+00 1.478133581645746614e-04 5.410709359168892618e-01 7.695818795082606800e-02 1.416503049416223924e-02 5.485028674151155581e-01
1.032117785843910163e+01 1.760533188503532009e-04 5.277519135721853161e-01 8.869542785079041758e-02 1.728935274386696197e-02 5.841558252205142354e-01
1.296459000606004963e+01 1.652718479054537590e-04 4.077729307831681194e-01 1.020294225875275351e-01 2.049380950108558447e-02 4.989317177141134874e-01
1.004194441696408191e+01 1.636116683008918154e-04 5.330264318114796840e-01 8.730025557153213434e-02 1.665289353634588632e-02 6.465553988470397195e-01
8.250229394421390694e+00 1.566701777777180593e-04 5.735160790347574311e-01 1.068830686845747280e-01 1.501009672099138520e-02 5.847507966382865519e-01
1.074855854277264910e+01 1.796915260876128970e-04 5.680552819178299462e-01 8.995413360057123719e-02 1.765095439246115380e-02 5.681466631902910569e-01
1.257521666672916005e+01 1.808763432466786193e-04 6.333292523920378558e-01 7.069603895976458996e-02 1.649131776596075849e-02 5.963812390202627434e-01
1.108640796460383982e+01 2.166753957338107600e-04 6.283331571030444929e-01 1.010694296126005559e-01 1.407107621463630186e-02 5.172907904703596405e-01
8.169380793953395781e+00 2.167034086655985692e-04 4.179483579700913332e-01 7.982601631221983296e-02 1.291395271679107379e-02 4.240291250818512547e-01
9.538052558241071566e+00 1.915035705042028656e-04 4.492993157966923556e-01 8.359296839800048340e-02 1.266927789260802878e-02 6.303576090294382706e-01
1.083105176286684745e+01 1.827999392952937624e-04 5.173782487783579187e-01 9.245956857261590500e-02 1.859985146987332486e-02 6.522326050160002220e-01
1.210442404216878387e+01 1.664335103345278212e-04 5.582052022319071716e-01 1.212076775618707303e-01 1.410543032829038833e-02 4.561880587651406804e-01
9.029082535175941615e+00 2.128794666989820242e-04 5.347454163276581518e-01 9.336067591624891415e-02 1.661330609026747535e-02 5.653114782232501190e-01
9.818517601652894555e+00 1.903182957445126769e-04 4.575159448415180297e-01 8.261130151951283362e-02 1.176042346631287101e-02 4.589807584134156238e-01
9.304306786507194005e+00 1.868116704712490200e-04 5.266761266272862452e-01 7.355587293926260650e-02 1.344969263118048555e-02 5.470626600095558345e-01
1.082448639178284111e+01 1.656869704721357708e-04 5.167621051974522484e-01 7.468204342950963970e-02 1.452269172896063568e-02 6.823035615966531742e-01
6.180413043550522900e+00 1.847343231400213432e-04 6.953146610212059819e-01 7.791753755816246962e-02 1.950222506680534401e-02 5.745390186933602150e-01
1.056719245810489838e+01 1.623371028980253607e-04 5.044751201349966241e-01 7.195682088191826531e-02 1.689178757760710636e-02 5.551300015779667696e-01
1.016497310755998029e+01 1.539662400243301465e-04 6.401541146649779579e-01 9.411197164928990222e-02 1.581422150033012786e-02 5.684513338590125864e-01
1.112051142432989792e+01 1.508282596648203937e-04 6.657519333103363302e-01 1.018240202112199178e-01 1.341651495709054835e-02 6.038248919091494527e-01
8.021107511932733303e+00 1.608657904485748659e-04 6.424189803121327369e-01 1.082040664473394309e-01 1.361470587485808133e-02 5.282372287129660782e-01
1.011239739993910014e+01 1.752054351385975994e-04 6.191087551494633967e-01 9.347583571454562423e-02 1.527396643344482163e-02 5.517369006353046723e-01
8.462705188154391323e+00 1.551931403265447123e-04 5.560695325729959615e-01 9.015594468182436261e-02 1.626275936698862862e-02 5.332815180568659663e-01
9.867463447695447698e+00 1.847401185367618100e-04 5.276978587919872732e-01 1.005833083660831601e-01 1.325412209950336748e-02 5.783423331186178240e-01
1.279454754464788735e+01 2.089298234771349563e-04 4.396632305625531867e-01 7.994964353793072853e-02 1.465961865192924422e-02 4.852574523950501373e-01
1.000067633067759409e+01 1.781932695148122890e-04 4.978979803534580584e-01 8.342842186003221472e-02 1.757421651626264736e-02 5.936019691467262493e-01
1.187297595330902666e+01 1.698778758942084272e-04 5.003991817635236039e-01 1.010766035041645444e-01 1.659992265249500207e-02 7.733624176109548110e-01
8.994780921578261257e+00 1.518007991098657119e-04 4.849173491782307610e-01 8.098182735774013541e-02 1.582705687789481147e-02 5.370573486968979182e-01
1.082794882651709933e+01 1.980225558066661088e-04 6.217091278093522799e-01 1.056373803794806582e-01 1.474514572505531904e-02 4.945348989303012255e-01
1.057895394025019620e+01 1.566544364172841415e-04 6.341746241242819382e-01 8.953682250380541607e-02 1.825587868931184340e-02 4.728074789833093261e-01
7.209359831542018426e+00 2.008975031165316830e-04 4.043058113892659122e-01 6.466550900745053621e-02 1.438418030580312056e-02 3.601764568701608105e-01
9.380515393262694346e+00 1.670087209279832020e-04 5.742645515201074691e-01 9.096592143395235142e-02 1.489008094516131551e-02 5.389963779929288767e-01
1.061025963109371517e+01 1.898602178004883396e-04 4.618012996419014193e-01 1.022590221929397941e-01 1.483426548820556551e-02 6.225781768073865852e-01
9.027794899757417113e+00 1.553851321511862788e-04 5.097082732093496382e-01 8.850316149919858211e-02 1.430708403216412322e-02 5.588640053641482641e-01
9.223610309968748311e+00 1.880504333279918059e-04 6.204376558147366438e-01 9.522740517453603948e-02 1.474827327732887959e-02 4.021955337894549398e-01
1.068364395656658594e+01 1.601387772138693438e-04 3.413099149260308551e-01 9.487775787632594937e-02 1.528505381667874009e-02 5.908293700332318821e-01
1.114402906338709087e+01 1.527470629198447423e-04 5.190228017716725928e-01 9.785270357957455423e-02 1.968230464178801278e-02 6.841080441676850032e-01
7.592246222233030473e+00 1.606235011309423903e-04 6.036092198114362262e-01 9.129811160250844715e-02 1.204180759222068728e-02 6.108314685706606184e-01
1.082373280804905491e+01 1.586377018331218034e-04 5.361867755759691656e-01 8.868606337828090214e-02 1.329882393670290056e-02 5.385491362407909266e-01
8.040601433816426891e+00 1.896067547734140574e-04 6.825969961233270267e-01 9.677759015271954202e-02 1.311600816186255826e-02 5.117320940419414210e-01
7.432659619193946021e+00 1.728538038411629783e-04 6.190461338541217717e-01 1.170103966141128049e-01 1.252447234720066235e-02 5.445646914238529979e-01
1.048239430664941096e+01 1.517058207400782748e-04 6.424674394282178236e-01 9.193129399683593050e-02 1.078729561630245061e-02 5.156507632550701992e-01
1.059726221269332314e+01 1.696570986718772336e-04 6.328130744727410439e-01 1.163382449324268653e-01 1.889764672496065806e-02 5.261810058594738049e-01
6.697119039652181804e+00 1.222173869431542341e-04 4.166825218145510101e-01 1.046852713271804597e-01 1.588440614941208362e-02 4.891609855735370993e-01
9.671092515450490978e+00 1.723179376744318715e-04 6.710021030922337371e-01 8.156787644195451215e-02 1.950939598616597409e-02 5.192363614795695304e-01
9.330247399277448395e+00 1.970990916553565133e-04 5.762625369121209262e-01 8.554292717266720469e-02 1.775094935005369287e-02 5.484846095678902467e-01
1.112712279601957732e+01 1.951858472552926802e-04 5.422834586819846869e-01 9.024418504422401788e-02 1.620936537292627308e-02 6.327840151164401128e-01
1.108353938541165995e+01 2.025672918662073233e-04 6.842316012404703329e-01 6.999449677509254897e-02 1.282863569973318428e-02 5.808780266076967180e-01
9.531540784929209309e+00 2.050867489902828754e-04 5.789904358849818911e-01 1.032609208393989453e-01 1.443988855873311501e-02 4.836692858020232300e-01
9.257996439052355697e+00 1.500386706061759118e-04 6.338600047538271998e-01 8.190956429191867394e-02 1.752347724897189776e-02 5.975263606267969818e-01
8.862916539104087832e+00 1.477400531386539504e-04 6.041283469084519631e-01 8.350228439671664171e-02 1.452494961916860929e-02 5.005415927952099331e-01
1.140499864016859277e+01 2.122537372249089162e-04 5.956386023863637913e-01 8.951702228771984959e-02 1.617510167574685853e-02 5.420305827802618381e-01
1.116810764369701481e+01 2.146130442395487647e-04 5.118657149293449615e-01 8.938842517764272744e-02 1.482607590429196875e-02 6.052138104507033267e-01
9.412220786785654880e+00 1.548608852171507388e-04 5.140611313654446235e-01 7.348514188783564216e-02 1.617711211267253493e-02 4.015402412026342072e-01
1.068410703767743719e+01 1.848932055116195424e-04 4.663846710725547684e-01 9.921793105918490230e-02 1.827554428261173730e-02 4.899481382619002012e-01
1.161304723329305233e+01 1.857732046057375972e-04 6.778445628529305989e-01 7.948052792546268785e-02 1.502069999259670295e-02 6.248139004924595508e-01
9.417789655621389144e+00 1.188852458687682950e-04 5.838959527990917886e-01 8.059329934196914069e-02 1.633870086569292127e-02 4.293692108870360569e-01
8.474626356265153149e+00 1.642696812761565916e-04 5.486711261567394082e-01 9.156772914145712428e-02 1.357805637316873530e-02 4.189048195167082156e-01
9.629959590808525149e+00 1.840440828430852445e-04 5.641969898168993636e-01 9.197121458672689875e-02 1.399033801786649968e-02 5.051346175508235614e-01
1.228819765546339937e+01 1.533878053594402158e-04 5.647652334437719412e-01 7.643794123731272039e-02 1.668052515453161827e-02 5.598792230040038342e-01
8.881456753802314807e+00 1.584823085169402579e-04 5.918079589643525651e-01 1.045779038372588871e-01 1.823810583141603769e-02 5.607126757536167183e-01
1.015725317784977833e+01 1.569678219353334511e-04 6.820311387681492477e-01 9.969467773325751958e-02 1.795408601013993161e-02 6.193257023510669868e-01
1.084904916606566694e+01 1.799999795726419641e-04 6.556940042023006177e-01 8.087137011263424713e-02 1.471660827889490972e-02 6.681541675671235359e-01
9.589102366827887636e+00 1.795131741839054590e-04 5.206137820143964534e-01 8.648125031227769932e-02 1.152410458341113740e-02 5.982430899072107566e-01
9.404659188835324812e+00 1.314299456690382940e-04 4.951351763702250275e-01 1.034212603657794494e-01 1.061139042637353203e-02 4.303704546576522239e-01
9.607004547338643619e+00 1.358360736819572015e-04 6.421716689238023967e-01 7.654976515322518826e-02 1.487047720456070518e-02 6.449323520643621688e-01
1.135900561556359456e+01 2.053679005007668637e-04 4.392578004609865028e-01 1.036586690211874218e-01 1.477741473489114360e-02 5.365187196620284649e-01
8.798201306181452352e+00 1.838587669516061603e-04 5.776892852160155911e-01 8.912897165983511838e-02 1.812056126195820543e-02 6.108746074393254233e-01
7.753521741517395149e+00 1.729794796770974387e-04 8.468952028028473578e-01 9.218998341047428269e-02 1.233270511714463710e-02 5.956047454853082845e-01
9.356402821518114976e+00 1.830510558371728502e-04 5.983265249522742302e-01 1.138187875200096233e-01 1.553523684478811881e-02 5.749373539588508164e-01
1.048950688911995144e+01 1.563883862606334305e-04 5.388632647705454692e-01 1.045013925110624964e-01 1.686061779076126685e-02 5.335187156962363231e-01
8.466835104828017933e+00 1.529911603431509197e-04 5.449442481289860085e-01 9.051891090413975716e-02 1.886893915197732779e-02 6.338689415605670563e-01
1.017530818189757724e+01 2.109783193725202496e-04 3.612772104275688845e-01 8.702998686202734202e-02 1.630141511730524850e-02 5.027558370947193822e-01
1.003006696102139195e+01 2.033810780646354407e-04 6.590438186206613036e-01 1.030809035128274903e-01 1.427088960738433568e-02 5.965775817404922465e-01
8.521927375603773669e+00 1.590266359871056088e-04 5.871368958400238203e-01 8.444017660577943230e-02 1.220263332691885229e-02 4.761621637260299300e-01
1.046045787537555150e+01 1.945881504227913979e-04 5.448422152691021481e-01 1.090824668244060741e-01 1.594040894852695803e-02 4.466353321780752728e-01
1.105139014435271960e+01 1.464948771927190667e-04 5.001349174774590844e-01 7.951789207760917577e-02 1.778565312505018051e-02 4.020669245094158351e-01
1.109333946528612813e+01 1.701466085642892466e-04 5.040694770153382187e-01 6.826163302597385019e-02 1.766495391471950907e-02 5.765371008089859028e-01
1.118833036884234033e+01 1.358566884224215077e-04 5.642396237037322626e-01 8.959706203352400811e-02 1.678441153377246628e-02 6.067542829222732914e-01
8.511382569908555240e+00 1.827762433508040257e-04 6.044105503361152376e-01 8.802573581858157137e-02 1.486636230211617511e-02 5.442803694533804304e-01
9.174810814537506687e+00 1.960621766367889570e-04 5.882730697558942179e-01 8.581414718698263111e-02 1.728647761754984608e-02 4.788686027518989641e-01
8.488998627102388284e+00 1.450120417667803826e-04 6.128976060421282845e-01 9.994215784099938493e-02 1.129364169516679575e-02 4.696613660667742218e-01
9.289661486813630020e+00 1.992197490453737323e-04 5.375135533835531110e-01 1.020605497659037020e-01 1.851364712484152367e-02 6.534320580192632955e-01
9.597451990337068750e+00 1.399243908775016278e-04 5.300254836760960320e-01 9.136020203037298337e-02 1.491336673938146312e-02 6.269690727855493639e-01
9.837581159532520658e+00 1.599055312695354524e-04 3.406752694979615637e-01 7.871915978191029728e-02 1.667887952885196284e-02 5.131689009876267971e-01
9.534578578459454334e+00 1.731652008517488338e-04 6.510329098502873890e-01 9.478340371099096273e-02 1.130100889844073281e-02 4.689237286435866126e-01
1.054097424592145416e+01 1.706233644397703363e-04 6.144903228847684584e-01 9.482054951069351922e-02 1.590078578697827830e-02 4.801452284027139528e-01
1.018670965941822359e+01 2.295315080959139974e-04 5.847650741298749955e-01 7.851942508419473832e-02 1.275446431954938703e-02 5.768931200601313813e-01
1.259581724990023410e+01 1.743471447414437819e-04 4.456229592959475294e-01 9.863394545531105340e-02 1.680099644850405888e-02 5.807984626277994389e-01
8.720795572752260583e+00 1.680002709899764345e-04 5.363184695227677379e-01 9.252488290773257240e-02 1.468190954176790824e-02 5.105566806807283475e-01
1.136900455627777973e+01 1.996189917606054284e-04 6.422918649966044002e-01 8.516146600605555006e-02 1.359623489206121354e-02 4.590714166818912201e-01
9.901685442655855596e+00 2.014575489951496261e-04 6.586742053118677109e-01 9.118213992796031508e-02 1.243685345301724990e-02 5.115673374806265494e-01
9.488894295785456734e+00 1.736961140550383751e-04 4.386132661505909858e-01 6.230219065102800269e-02 1.517349977889946230e-02 5.029951091015337772e-01
1.037464640483576162e+01 1.665621927710224338e-04 6.623581137682775788e-01 1.008643788116953127e-01 1.588849258679858947e-02 5.247453506608528162e-01
7.155453247656562432e+00 1.776737198127430390e-04 6.210625875509256932e-01 9.108247349755374533e-02 1.259943734677004476e-02 5.095979190811341653e-01
1.012955695006642998e+01 1.880061883356057121e-04 5.522063214228074557e-01 1.038598146224243290e-01 1.724755256114993140e-02 5.371457119230211852e-01
1.450331845683690801e+01 1.550342940946922501e-04 5.049831002217014531e-01 7.828658227026107086e-02 1.614565599410945976e-02 5.188846963636321030e-01
6.309355079157093371e+00 1.567849500313828084e-04 4.589996405628471998e-01 1.033712650800002603e-01 1.200409304035394455e-02 5.525951427875431810e-01
9.792807354829934141e+00 1.541541862122120876e-04 4.953596882931474155e-01 9.090957043207491262e-02 1.590725233486628767e-02 5.868385517547720642e-01
1.207411007651872126e+01 1.552233351102405155e-04 5.499718743431233348e-01 8.542081894717483415e-02 1.646579871165654990e-02 6.437267910793892378e-01
8.688074782007140229e+00 1.442750277310293294e-04 4.971737251357406517e-01 8.814989244339009600e-02 1.843829226297447749e-02 5.437812875121658118e-01
8.498276944945883926e+00 1.766084972101941057e-04 6.775141109984145205e-01 6.754931935581252878e-02 1.627300983196916517e-02 5.926304452089665720e-01
7.063375541390897183e+00 1.733055806764572304e-04 5.222828180996925695e-01 9.992207718717957543e-02 1.722318607952274747e-02 5.459013341854217494e-01
1.138928490594344289e+01 1.253918315711462857e-04 5.390295044041485406e-01 7.928548696339692003e-02 1.636730746599709962e-02 4.832185016837903802e-01
1.090516555618684258e+01 1.257997944632957749e-04 4.670070199456086701e-01 9.712168177510865918e-02 1.777065952418230635e-02 5.203989649693890884e-01
8.885089908978356377e+00 1.795121086712413833e-04 5.536796269279827820e-01 1.015355102256175202e-01 1.090382917420783249e-02 5.027246126253036573e-01
1.056228384026445788e+01 1.546742728409115832e-04 5.536810297856222807e-01 7.562557499855976362e-02 1.754346974328108502e-02 6.294512720777658554e-01
1.097015564273467447e+01 1.674680294307879830e-04 5.256846835386091987e-01 1.005300224297062672e-01 1.219712634713496745e-02 6.079690256510249524e-01
9.856676506385266379e+00 2.073474131158022874e-04 5.321593550907376402e-01 1.137993155137657919e-01 1.567415007649189049e-02 4.908172268296860374e-01
9.207746395406831041e+00 1.767972242258837861e-04 4.703652429016864644e-01 8.388149847498471701e-02 2.020665402870414074e-02 5.570719573408817737e-01
1.155147557253318347e+01 1.908911619223720212e-04 5.331823170907377119e-01 9.047700753588476530e-02 1.597884671279897056e-02 5.228735292438760895e-01
9.816217846929221835e+00 1.817549893961536642e-04 4.989361319487012336e-01 8.990994269607599509e-02 1.643031102969251533e-02 4.675202381021227316e-01
9.958245861350325967e+00 1.736933321065448933e-04 5.049895900573291296e-01 9.794466244913722919e-02 1.516310812346227145e-02 5.581552331590873273e-01
9.777625986708322614e+00 1.879969902389390314e-04 6.186624451046930373e-01 9.315878634377562639e-02 1.605929272200907337e-02 5.145058657115361145e-01
1.201877313756024179e+01 2.245798444610682440e-04 6.006590356903159789e-01 7.264376246702594631e-02 1.649980622877613573e-02 5.919163126527637875e-01
8.852647545896004999e+00 1.599416465114834331e-04 4.735360112945713462e-01 1.035132642823654026e-01 1.633011974055680049e-02 5.311866093430891445e-01
9.933508365123861594e+00 1.793200160149093262e-04 6.277779236330431889e-01 1.209537856523897198e-01 1.732956766095514883e-02 5.973938111991522470e-01
1.081929614297011355e+01 1.385228375912760405e-04 5.238261856813336559e-01 9.299054886755646343e-02 1.625906962197212757e-02 4.742436497305120291e-01
9.271442261834035747e+00 1.733607624798666057e-04 5.223058073628273901e-01 8.763282553065795955e-02 1.616458882666836627e-02 5.670256907404926938e-01
1.142587082183970359e+01 1.862427399420787293e-04 4.216624255281631317e-01 1.084249810210620862e-01 1.534418544623494807e-02 6.708562862287337225e-01
1.080816401006259753e+01 1.955972108723756772e-04 4.947032779180051687e-01 1.005015780790436408e-01 1.588345950056498090e-02 5.594908931490821802e-01
1.011181345483164584e+01 2.108575195021989671e-04 5.560563241467265660e-01 8.634337356413476772e-02 1.428426689550436196e-02 4.899112826165171741e-01
1.030988818286059683e+01 1.822659961142762458e-04 4.750430123981366215e-01 8.848107419874136348e-02 8.893500628104684946e-03 5.769466935467018054e-01
7.868888781400532828e+00 1.362154478436721633e-04 5.933848315192181699e-01 7.279135993572882768e-02 1.626692621515601206e-02 4.754755598830220920e-01
9.374430709266770023e+00 1.516538813291182664e-04 5.653283046190872296e-01 1.000891194064996853e-01 1.516422276581789672e-02 5.928877949735352759e-01
1.260129374860292195e+01 1.960321560926287139e-04 5.045514009596052674e-01 8.525321558101092712e-02 1.765292263790441130e-02 6.817852651328465408e-01
8.559266505758202470e+00 1.781161239392345537e-04 5.766463380254672755e-01 9.954516848567300513e-02 1.482620211644153016e-02 6.035701712085836945e-01
9.445228671744796856e+00 1.851259746241176176e-04 4.621139965584158960e-01 8.392554718242908884e-02 1.810693689072263163e-02 6.206295139045727716e-01
8.767384715680586638e+00 1.599068908849662993e-04 5.379101260344072433e-01 8.006970202081220567e-02 1.628165587364502689e-02 5.258341299136021219e-01
1.220364007292992170e+01 1.345751607862924069e-04 6.145668430763822077e-01 9.062458353802875510e-02 1.476838284184662543e-02 4.815252362496912353e-01
1.125017179272310131e+01 1.661788835224626637e-04 6.212356611408497153e-01 8.519792044441608370e-02 1.746111181720042330e-02 6.162634974895129236e-01
1.125546991496834970e+01 1.860249182909944261e-04 6.859395861338155598e-01 7.327674665117982211e-02 1.458105811645855031e-02 5.576586172001150032e-01
1.164305399845543221e+01 1.923103618108559407e-04 4.649655973454817071e-01 9.375107177436292627e-02 1.614360306760034142e-02 5.329853337412894243e-01
8.691436517652268989e+00 1.973235465768397316e-04 5.182391277080848901e-01 9.572102954883017489e-02 1.617141328180895024e-02 6.224169482021343347e-01
1.012414267674149748e+01 1.728057498763084510e-04 5.896002566553877333e-01 7.419532584887483795e-02 1.254790573086081613e-02 5.237314535567525464e-01
9.710847972627650648e+00 1.706165777595046614e-04 5.009047623606266431e-01 7.982953546937880673e-02 1.547099331338844426e-02 5.709336133802130897e-01
8.839065089984078583e+00 1.611242732078451930e-04 3.776345589596611374e-01 9.478313535037204141e-02 9.703219961841173455e-03 6.558879800929962034e-01
1.051854354916313561e+01 1.698243324158742651e-04 5.328894481974658648e-01 7.880121461876192501e-02 1.560364131311994806e-02 5.905072785733066487e-01
9.733306870248012999e+00 1.615719047198496845e-04 5.334228323658748439e-01 1.024164183155954755e-01 1.413796213961026824e-02 5.621095983210521174e-01
1.020106909500949399e+01 1.683555909091186164e-04 5.409887518278438945e-01 9.975962221599632418e-02 1.792287839468149208e-02 5.759769417717535145e-01
6.882528102046077123e+00 1.143264414169681525e-04 5.447781595408653921e-01 8.854362734515924815e-02 1.492117533514695539e-02 5.736091512224426037e-01
1.067399367821768408e+01 1.852728985928672409e-04 5.256975753234995885e-01 8.006308060727848619e-02 1.344239095374212198e-02 4.344492279173309823e-01
1.074702985889248552e+01 1.974495610704555713e-04 6.636062786861688378e-01 7.411306411591402077e-02 1.231109992628484640e-02 5.955511071925340127e-01
1.211515159124212637e+01 1.436843756736085292e-04 5.321688926390978347e-01 7.221439699397184941e-02 1.119989787635796569e-02 5.889009525344883755e-01
9.496278480772893715e+00 2.043738152805642944e-04 5.108967710943972396e-01 8.477633117885803593e-02 1.665129608835424352e-02 5.300329877335488993e-01
1.003177379618264276e+01 1.627952544798149900e-04 7.022498115580346756e-01 8.435396894909655274e-02 1.604538303468601088e-02 4.998653452434742572e-01
1.158476238317595275e+01 1.602451274810386594e-04 5.019169138601583535e-01 9.326582845187990356e-02 2.057096438719096393e-02 6.459015056666260746e-01
9.706582918133216609e+00 1.736221787931859981e-04 5.609238862964865957e-01 9.832206493020248517e-02 1.623888073335974860e-02 3.844583284327021677e-01
7.880191242587357259e+00 1.501831401292962910e-04 4.340079220023507767e-01 1.054204639388356401e-01 1.855312478532871595e-02 5.909765112539208110e-01
8.579326184713355730e+00 2.092040071519457275e-04 5.296045900236587833e-01 8.356314272881801286e-02 1.700974959940970699e-02 3.997773852625587931e-01
1.036250036126018514e+01 1.754328674037691153e-04 6.730415236416451563e-01 9.323099890857122762e-02 1.488334292506731521e-02 5.778626044986713284e-01
9.635581425564256008e+00 1.365563569524753343e-04 5.394316935707381688e-01 9.406940526320294038e-02 1.526964568470091412e-02 4.978142917361870756e-01
9.654846441990109440e+00 2.263530658505060844e-04 4.858246455704126610e-01 9.685531841533900899e-02 1.847877682237059754e-02 3.943697444293597365e-01
1.210934358452229631e+01 1.911641384870517565e-04 4.846898835543954620e-01 1.047355486540605674e-01 1.110865181592289586e-02 6.348990535373845168e-01
1.083624473942671429e+01 1.616990700843697428e-04 5.622106187730093740e-01 9.158242847219921767e-02 1.863099484516547721e-02 5.687400041220728175e-01
9.710332500977532533e+00 1.763487879276371708e-04 5.505541737779637845e-01 6.901333496571865345e-02 1.812401001283799398e-02 5.677734949244006568e-01
1.075722085606648015e+01 1.746190770092950349e-04 5.647986993810842904e-01 8.645855764777266028e-02 1.543935768262003072e-02 5.332917947104492962e-01
1.155510006456295713e+01 1.398076003445231563e-04 5.759543309713506254e-01 1.154735417245763424e-01 1.258080612178018309e-02 5.372430490271747905e-01
1.046520204343858751e+01 1.974589679907135106e-04 5.340720035882035033e-01 8.699147449552892264e-02 1.376278492327514744e-02 4.147857543334476649e-01
9.136821027501829562e+00 1.810717510781792937e-04 6.287960986650454887e-01 8.830355999976395587e-02 1.528361781214389141e-02 5.815121127534736978e-01
6.840682573323477733e+00 1.977257311258818096e-04 5.745301305677026349e-01 1.131362209495487131e-01 1.380307324288385096e-02 5.189143874975354898e-01
6.559058855027634749e+00 1.649936425419618003e-04 6.110968761238216862e-01 8.779946567792575041e-02 1.498839629719903206e-02 5.678062285641747309e-01
1.055831311904523417e+01 1.721648282669344630e-04 5.399313576527261516e-01 8.855780348449174277e-02 1.988366228461248275e-02 4.138051362568815894e-01
1.037833509213052530e+01 1.912102085704120067e-04 5.171459119384282932e-01 9.306474546314436047e-02 1.469680845511984156e-02 5.601915179941822087e-01
8.725960130918956281e+00 1.840951876907458444e-04 5.402353593848743252e-01 8.755181821795368635e-02 1.269623898175006871e-02 5.848902544261583847e-01
8.645533395883473915e+00 1.600007675807715803e-04 5.164518878684967174e-01 8.948807495003080481e-02 1.434730012748684259e-02 4.854085034866369441e-01
1.090948256480625211e+01 1.733801247154460835e-04 6.821956676062486125e-01 9.733569760707574958e-02 1.450102456300356862e-02 5.205265541183794475e-01
1.151765151831349954e+01 1.707616391253387127e-04 5.537719929270287222e-01 8.181620927375615748e-02 1.395794075168763949e-02 4.863487168646584147e-01
1.115046808915898424e+01 2.020031243604193119e-04 4.480902369173553335e-01 7.940493438857278152e-02 1.160412811094185467e-02 4.698026306586512435e-01
9.932979571176126399e+00 1.615688799842519797e-04 6.925584489792869780e-01 1.068949188612811768e-01 1.378150313585410451e-02 4.409218727917714187e-01
8.636272132784144517e+00 1.654312460857480338e-04 4.787602105384256013e-01 9.354036534491767807e-02 1.250853940827503785e-02 4.484276382831599017e-01
9.969974397898672791e+00 1.706695718152213142e-04 5.999958014054582733e-01 9.484122707660147533e-02 1.630863409635969347e-02 5.546948998162151145e-01
1.047710735415921768e+01 1.544974402613692667e-04 4.765209856416265932e-01 1.143701589004565561e-01 1.521523477707764638e-02 4.893392042739584391e-01
1.186086151533282518e+01 1.457307724365843157e-04 5.382368042113924167e-01 7.290699471381187347e-02 1.685950543159908319e-02 4.989634800197131903e-01
